4
1 382 353
2 484 328
3 695 241
4 715 242
5 695 241
6 695 241
7 710 245
8 715 242
9 695 241
10 -1 -1
1 0 0
2 1 1
3 2 2
4 1 1
5 0 0
6 4 4
1 0 0
2 1 1
3 2 2
4 1 1
5 0 0
6 4 4
7 -1 -1
1 0 0
2 1 1
3 2 2
4 1 1
5 0 0
6 4 4
7 -1 -1
1 176 324
2 142 397
3 33 287
4 84 409
5 22 277
6 -1 -1
1 176 324
2 142 397
3 33 287
4 84 409
5 22 277
6 -1 -1
1 176 324
2 142 397
3 33 287
4 84 409
5 22 277
6 -1 -1
1 176 324
2 142 397
3 33 287
4 22 277
5 -1 -1
1 176 324
2 142 397
3 33 287
4 84 409
5 22 277
6 -1 -1
1 176 324
2 142 397
3 33 287
4 84 409
5 22 277
6 -1 -1
1 176 324
2 142 397
3 33 287
4 84 409
5 22 277
6 -1 -1
1 176 324
2 142 397
3 33 287
4 84 409
5 22 277
6 -1 -1
1 176 324
2 142 397
3 33 287
4 84 409
5 22 277
6 -1 -1
1 176 324
2 142 397
3 33 287
4 84 409
5 22 277
6 -1 -1
1 176 324
2 142 397
3 33 287
4 84 409
5 22 277
6 -1 -1
1 176 324
2 142 397
3 33 287
4 84 409
5 22 277
6 -1 -1
1 176 324
2 142 397
3 33 287
4 84 409
5 22 277
6 -1 -1
1 176 324
2 142 397
3 33 287
4 84 409
5 22 277
6 -1 -1
1 176 324
2 142 397
3 33 287
4 84 409
5 22 277
6 -1 -1
1 176 324
2 142 397
3 33 287
4 84 409
5 22 277
6 -1 -1
1 176 324
2 142 397
3 33 287
4 84 409
5 22 277
6 -1 -1
1 176 324
2 142 397
3 33 287
4 84 409
5 22 277
6 -1 -1
1 176 324
2 142 397
3 33 287
4 84 409
5 22 277
6 -1 -1
1 176 324
2 142 397
3 33 287
4 84 409
5 22 277
6 -1 -1
1 176 324
2 142 397
3 33 287
4 84 409
5 22 277
6 -1 -1
1 176 324
2 142 397
3 33 287
4 84 409
5 22 277
6 -1 -1
1 176 324
2 142 397
3 33 287
4 84 409
5 22 277
6 -1 -1
1 176 324
2 142 397
3 33 287
4 84 409
5 22 277
6 -1 -1
1 176 324
2 142 397
3 33 287
4 84 409
5 22 277
6 -1 -1
1 176 324
2 142 397
3 33 287
4 84 409
5 22 277
6 -1 -1
1 176 324
2 142 397
3 33 287
4 84 409
5 22 277
6 -1 -1
1 176 324
2 142 397
3 33 287
4 84 409
5 22 277
6 -1 -1
1 176 324
2 142 397
3 33 287
4 84 409
5 22 277
6 -1 -1
1 176 324
2 142 397
3 33 287
4 84 409
5 22 277
6 -1 -1
1 176 324
2 142 397
3 33 287
4 84 409
5 22 277
6 -1 -1
1 176 324
2 142 397
3 33 287
4 84 409
5 22 277
6 -1 -1
1 176 324
2 142 397
3 33 287
4 84 409
5 22 277
6 -1 -1
1 176 324
2 142 397
3 33 287
4 84 409
5 22 277
6 -1 -1
1 176 324
2 142 397
3 33 287
4 84 409
5 22 277
6 -1 -1
1 176 324
2 142 397
3 33 287
4 84 409
5 22 277
6 -1 -1
1 176 324
2 142 397
3 33 287
4 84 409
5 22 277
6 -1 -1
1 176 324
2 142 397
3 33 287
4 84 409
5 22 277
6 -1 -1
1 176 324
2 142 397
3 33 287
4 84 409
5 22 277
6 -1 -1
1 176 324
2 142 397
3 33 287
4 84 409
5 22 277
6 -1 -1
1 176 324
2 142 397
3 33 287
4 84 409
5 22 277
6 -1 -1
1 176 324
2 142 397
3 33 287
4 84 409
5 22 277
6 -1 -1
1 176 324
2 142 397
3 33 287
4 84 409
5 22 277
6 -1 -1
1 176 324
2 142 397
3 33 287
4 84 409
5 22 277
6 -1 -1
1 176 324
2 142 397
3 33 287
4 84 409
5 22 277
6 -1 -1
1 176 324
2 142 397
3 33 287
4 84 409
5 22 277
6 -1 -1
1 176 324
2 142 397
3 33 287
4 84 409
5 22 277
6 -1 -1
1 176 324
2 142 397
3 33 287
4 84 409
5 22 277
6 -1 -1
1 176 324
2 142 397
3 33 287
4 84 409
5 22 277
6 -1 -1
1 176 324
2 142 397
3 33 287
4 84 409
5 22 277
6 -1 -1
1 176 324
2 142 397
3 33 287
4 84 409
5 22 277
6 -1 -1
1 176 324
2 142 397
3 33 287
4 84 409
5 22 277
6 -1 -1
1 176 324
2 142 397
3 33 287
4 84 409
5 22 277
6 -1 -1
1 176 324
2 142 397
3 33 287
4 84 409
5 22 277
6 -1 -1
1 176 324
2 142 397
3 33 287
4 84 409
5 22 277
6 -1 -1
1 176 324
2 142 397
3 33 287
4 84 409
5 22 277
6 -1 -1
1 176 324
2 142 397
3 33 287
4 84 409
5 22 277
6 -1 -1
1 176 324
2 142 397
3 33 287
4 84 409
5 22 277
6 -1 -1
1 176 324
2 142 397
3 33 287
4 84 409
5 22 277
6 -1 -1
1 176 324
2 142 397
3 33 287
4 84 409
5 22 277
6 -1 -1
1 176 324
2 142 397
3 33 287
4 84 409
5 22 277
6 -1 -1
1 176 324
2 142 397
3 33 287
4 84 409
5 22 277
6 -1 -1
1 176 324
2 142 397
3 33 287
4 84 409
5 22 277
6 -1 -1
1 176 324
2 142 397
3 33 287
4 84 409
5 22 277
6 -1 -1
1 176 324
2 142 397
3 33 287
4 84 409
5 22 277
6 -1 -1
1 176 324
2 142 397
3 33 287
4 84 409
5 22 277
6 -1 -1
1 176 324
2 142 397
3 33 287
4 84 409
5 22 277
6 -1 -1
1 176 324
2 142 397
3 33 287
4 84 409
5 22 277
6 -1 -1
1 176 324
2 142 397
3 33 287
4 84 409
5 22 277
6 -1 -1
1 176 324
2 142 397
3 33 287
4 84 409
5 22 277
6 -1 -1
1 176 324
2 142 397
3 33 287
4 84 409
5 22 277
6 -1 -1
1 176 324
2 142 397
3 33 287
4 84 409
5 22 277
6 -1 -1
1 176 324
2 142 397
3 33 287
4 84 409
5 22 277
6 -1 -1
1 176 324
2 142 397
3 33 287
4 84 409
5 22 277
6 -1 -1
1 176 324
2 142 397
3 33 287
4 84 409
5 22 277
6 -1 -1
1 176 324
2 142 397
3 33 287
4 84 409
5 22 277
6 -1 -1
1 176 324
2 142 397
3 33 287
4 84 409
5 22 277
6 -1 -1
1 176 324
2 142 397
3 33 287
4 84 409
5 22 277
6 -1 -1
1 176 324
2 142 397
3 33 287
4 84 409
5 22 277
6 -1 -1
1 176 324
2 142 397
3 33 287
4 84 409
5 22 277
6 -1 -1
1 176 324
2 142 397
3 33 287
4 84 409
5 22 277
6 -1 -1
1 176 324
2 142 397
3 33 287
4 84 409
5 22 277
6 -1 -1
1 176 324
2 142 397
3 33 287
4 84 409
5 22 277
6 -1 -1
1 176 324
2 142 397
3 33 287
4 84 409
5 22 277
6 -1 -1
1 176 324
2 142 397
3 33 287
4 84 409
5 22 277
6 -1 -1
1 176 324
2 142 397
3 33 287
4 84 409
5 22 277
6 -1 -1
1 176 324
2 142 397
3 33 287
4 84 409
5 22 277
6 -1 -1
1 176 324
2 142 397
3 33 287
4 84 409
5 22 277
6 -1 -1
1 176 324
2 142 397
3 33 287
4 84 409
5 22 277
6 -1 -1
1 176 324
2 142 397
3 33 287
4 84 409
5 22 277
6 -1 -1
1 176 324
2 142 397
3 33 287
4 84 409
5 22 277
6 -1 -1
1 176 324
2 142 397
3 33 287
4 84 409
5 22 277
6 -1 -1
1 176 324
2 142 397
3 33 287
4 84 409
5 22 277
6 -1 -1
1 176 324
2 142 397
3 33 287
4 84 409
5 22 277
6 -1 -1
1 176 324
2 142 397
3 33 287
4 84 409
5 22 277
6 -1 -1
1 176 324
2 142 397
3 33 287
4 84 409
5 22 277
6 -1 -1
1 176 324
2 142 397
3 33 287
4 84 409
5 22 277
6 -1 -1
1 176 324
2 142 397
3 33 287
4 84 409
5 22 277
6 -1 -1
1 176 324
2 142 397
3 33 287
4 84 409
5 22 277
6 -1 -1
1 176 324
2 142 397
3 33 287
4 84 409
5 22 277
6 -1 -1
1 176 324
2 142 397
3 33 287
4 84 409
5 22 277
6 -1 -1
1 176 324
2 142 397
3 33 287
4 84 409
5 22 277
6 -1 -1
1 176 324
2 142 397
3 33 287
4 84 409
5 22 277
6 -1 -1
1 176 324
2 142 397
3 33 287
4 84 409
5 22 277
6 -1 -1
1 176 324
2 142 397
3 33 287
4 84 409
5 22 277
6 -1 -1
1 176 324
2 142 397
3 33 287
4 84 409
5 22 277
6 -1 -1
1 176 324
2 142 397
3 33 287
4 84 409
5 22 277
6 -1 -1
1 176 324
2 142 397
3 33 287
4 84 409
5 22 277
6 -1 -1
1 176 324
2 142 397
3 33 287
4 84 409
5 22 277
6 -1 -1
1 176 324
2 142 397
3 33 287
4 84 409
5 22 277
6 -1 -1
1 176 324
2 142 397
3 33 287
4 84 409
5 22 277
6 -1 -1
1 176 324
2 142 397
3 33 287
4 84 409
5 22 277
6 -1 -1
1 176 324
2 142 397
3 33 287
4 84 409
5 22 277
6 -1 -1
1 176 324
2 142 397
3 33 287
4 84 409
5 22 277
6 -1 -1
1 176 324
2 142 397
3 33 287
4 84 409
5 22 277
6 -1 -1
1 176 324
2 142 397
3 33 287
4 84 409
5 22 277
6 -1 -1
1 176 324
2 142 397
3 33 287
4 84 409
5 22 277
6 -1 -1
1 176 324
2 142 397
3 33 287
4 84 409
5 22 277
6 -1 -1
1 176 324
2 142 397
3 33 287
4 84 409
5 22 277
6 -1 -1
1 176 324
2 142 397
3 33 287
4 84 409
5 22 277
6 -1 -1
1 176 324
2 142 397
3 33 287
4 84 409
5 22 277
6 -1 -1
1 176 324
2 142 397
3 33 287
4 84 409
5 22 277
6 -1 -1
1 176 324
2 142 397
3 33 287
4 84 409
5 22 277
6 -1 -1
1 176 324
2 142 397
3 33 287
4 84 409
5 22 277
6 -1 -1
1 176 324
2 142 397
3 33 287
4 84 409
5 22 277
6 -1 -1
1 176 324
2 142 397
3 33 287
4 84 409
5 22 277
6 -1 -1
1 176 324
2 142 397
3 33 287
4 84 409
5 22 277
6 -1 -1
1 176 324
2 142 397
3 33 287
4 84 409
5 22 277
6 -1 -1
1 176 324
2 142 397
3 33 287
4 84 409
5 22 277
6 -1 -1
1 176 324
2 142 397
3 33 287
4 84 409
5 22 277
6 -1 -1
1 176 324
2 142 397
3 33 287
4 84 409
5 22 277
6 -1 -1
1 176 324
2 142 397
3 33 287
4 84 409
5 22 277
6 -1 -1
1 176 324
2 142 397
3 33 287
4 84 409
5 22 277
6 -1 -1
1 176 324
2 142 397
3 33 287
4 84 409
5 22 277
6 -1 -1
1 176 324
2 142 397
3 33 287
4 84 409
5 22 277
6 -1 -1
1 176 324
2 142 397
3 33 287
4 84 409
5 22 277
6 -1 -1
1 176 324
2 142 397
3 33 287
4 84 409
5 22 277
6 -1 -1
1 176 324
2 142 397
3 33 287
4 84 409
5 22 277
6 -1 -1
1 176 324
2 142 397
3 33 287
4 84 409
5 22 277
6 -1 -1
1 176 324
2 142 397
3 33 287
4 84 409
5 22 277
6 -1 -1
1 176 324
2 142 397
3 33 287
4 84 409
5 22 277
6 -1 -1
1 176 324
2 142 397
3 33 287
4 84 409
5 22 277
6 -1 -1
1 176 324
2 142 397
3 33 287
4 84 409
5 22 277
6 -1 -1
1 176 324
2 142 397
3 33 287
4 84 409
5 22 277
6 -1 -1
1 176 324
2 142 397
3 33 287
4 84 409
5 22 277
6 -1 -1
1 176 324
2 142 397
3 33 287
4 84 409
5 22 277
6 -1 -1
1 176 324
2 142 397
3 33 287
4 84 409
5 22 277
6 -1 -1
1 176 324
2 142 397
3 33 287
4 84 409
5 22 277
6 -1 -1
1 176 324
2 142 397
3 33 287
4 84 409
5 22 277
6 -1 -1
1 176 324
2 142 397
3 33 287
4 84 409
5 22 277
6 -1 -1
1 176 324
2 142 397
3 33 287
4 84 409
5 22 277
6 -1 -1
1 176 324
2 142 397
3 33 287
4 84 409
5 22 277
6 -1 -1
1 176 324
2 142 397
3 33 287
4 84 409
5 22 277
6 -1 -1
1 176 324
2 142 397
3 33 287
4 84 409
5 22 277
6 -1 -1
1 176 324
2 142 397
3 33 287
4 84 409
5 22 277
6 -1 -1
1 176 324
2 142 397
3 33 287
4 84 409
5 22 277
6 -1 -1
1 176 324
2 142 397
3 33 287
4 84 409
5 22 277
6 -1 -1
1 176 324
2 142 397
3 33 287
4 84 409
5 22 277
6 -1 -1
1 176 324
2 142 397
3 33 287
4 84 409
5 22 277
6 -1 -1
1 176 324
2 142 397
3 33 287
4 84 409
5 22 277
6 -1 -1
1 176 324
2 142 397
3 33 287
4 84 409
5 22 277
6 -1 -1
1 176 324
2 142 397
3 33 287
4 84 409
5 22 277
6 -1 -1
1 176 324
2 142 397
3 33 287
4 84 409
5 22 277
6 -1 -1
1 176 324
2 142 397
3 33 287
4 84 409
5 22 277
6 -1 -1
1 176 324
2 142 397
3 33 287
4 84 409
5 22 277
6 -1 -1
1 176 324
2 142 397
3 33 287
4 84 409
5 22 277
6 -1 -1
1 176 324
2 142 397
3 33 287
4 84 409
5 22 277
6 -1 -1


