10
1 1037 557
2 -1 -1
1 169 485
2 213 476
3 336 -2910
4 503 744
5 870 292
6 963 -41
7 1391 -2799
8 1706 -1432
9 -1 -1
1 1791 -1332
2 644 -677
3 1579 838
4 1623 838
5 477 -1825
6 432 -41
7 1573 577
8 422 -421
9 905 690
10 477 -1113
11 578 -1232
12 1463 -1539
13 477 694
14 851 -1978
15 895 838
16 -1 -1
1 303 -1004
2 1278 941
3 1328 -814
4 759 -1066
5 123 -35
6 759 -1066
7 1968 917
8 759 -1066
9 1018 1864
10 1536 -1762
11 759 -1066
12 1496 1645
13 1909 218
14 303 -1004
15 928 -1969
16 1796 1767
17 1390 1200
18 1011 1883
19 1121 1177
20 1570 687
21 1403 1086
22 806 1155
23 993 1720
24 -1 -1
1 382 359
2 382 358
3 382 357
4 215 242
5 215 241
6 215 240
7 -710 1
8 710 245
9 710 245
0 715 242
11 695 241
12 -1 -1
1 0 0
2 1 1
3 2 2
4 1 1
5 0 0
6 4 4
7 -1 -1
1 135 248
2 246 357
3 357 469
4 159 753
5 369 258
6 582 471
7 987 654
8 753 951
9 456 123
0 951 357
11 864 592
12 -1 -1
1 369 258
2 147 258
3 123 456
4 789 654
5 789 321
6 987 654
7 654 321
8 951 753
9 357 246
0 753 951
11 951 753
12 -1 -1
1 123 789
2 123 987
3 123 654
4 123 321
5 654 147
6 321 369
7 123 -258
8 369 852
9 123 -1
0 852 123
11 852 -963
12 -1 -1
1 24 474
2 687 1968
3 1959 834
4 961 544
5 1365 704
6 906 891
7 1522 675
8 308 1320
9 590 114
10 1646 782
11 1182 1424
12 903 644
13 1882 1672
14 1260 325
15 1422 566
16 28 964
17 781 592
18 1075 618
19 1682 1285
20 347 1415
21 485 1472
22 238 1652
23 1962 1197
24 1925 26
25 223 397
26 401 1495
27 987 577
28 1837 1403
29 1241 266
30 999 452
31 484 1785
32 1864 353
33 1107 1329
34 379 1704
35 1805 1166
36 1796 1767
37 1390 1200
38 1011 1883
39 1121 1177
40 1570 687
41 1403 1086
42 806 1155
43 993 1720
44 248 1364
45 1315 238
46 1520 3
47 760 1949
48 1356 1775
49 836 1865
50 245 1719
51 1032 1550
52 536 1853
53 1511 1270
54 1268 137
55 1774 1483
56 1085 952
57 1602 1452
58 990 1568
59 483 452
60 1789 24
61 1054 936
62 719 209
63 472 1828
64 1141 1251
65 330 810
66 285 275
67 970 1308
68 1887 1163
69 312 1239
70 1016 838
71 1592 30
72 1903 222
73 1815 1439
74 1292 651
75 636 421
76 688 1123
77 1428 880
78 458 1930
79 1242 742
80 1445 552
81 1471 1704
82 1064 599
83 1872 1371
84 493 935
85 23 1853
86 1219 1523
87 145 1546
88 1535 1137
89 1561 931
90 762 443
91 1277 1089
92 265 390
93 1431 31
94 1810 1385
95 1340 568
96 1327 1939
97 665 1763
98 1368 1787
99 1135 1220
100 846 143
101 650 1777
102 1554 850
103 405 557
104 588 324
105 137 1237
106 912 1849
107 1632 711
108 1927 1801
109 79 271
110 305 916
111 434 1989
112 1929 1414
113 1840 1138
114 185 803
115 1814 398
116 16 262
117 1223 1615
118 913 1089
119 1491 897
120 998 161
121 1606 592
122 1712 885
123 325 1105
124 661 569
125 915 415
126 1441 979
127 843 1986
128 1982 720
129 1452 907
130 1718 225
131 856 1494
132 163 498
133 1043 642
134 1892 1884
135 916 1704
136 290 262
137 1807 918
138 1097 193
139 1878 1394
140 1547 152
141 1254 457
142 1668 1398
143 281 350
144 1804 1347
145 226 1079
146 1632 1750
147 354 1156
148 781 1056
149 1938 1821
150 299 1740
151 600 1919
152 72 1738
153 1106 1559
154 1461 1279
155 463 998
156 1997 752
157 1931 574
158 904 862
159 1114 180
160 548 20
161 410 1839
162 1800 943
163 808 88
164 950 884
165 504 1290
166 660 1032
167 1351 1290
168 1043 1684
169 637 1797
170 1657 1016
171 1148 899
172 5 59
173 1560 1615
174 24 1432
175 1103 373
176 702 1716
177 281 556
178 56 1735
179 1108 1295
180 1339 1669
181 1369 366
182 1703 1253
183 1135 120
184 1729 196
185 62 82
186 1253 390
187 1402 632
188 162 1006
189 1775 1116
190 1868 784
191 660 1133
192 1343 144
193 1637 1277
194 200 422
195 297 91
196 1946 1842
197 1176 1548
198 1623 259
199 1559 516
200 501 608
201 66 311
202 774 513
203 590 1536
204 133 273
205 483 1291
206 480 958
207 1596 1970
208 628 1012
209 1793 479
210 489 675
211 818 91
212 1863 1324
213 1095 1014
214 321 531
215 1885 1886
216 565 1748
217 101 792
218 1461 606
219 728 1003
220 178 1778
221 615 1280
222 373 1865
223 1615 945
224 1055 267
225 594 66
226 137 273
227 255 1718
228 1511 780
229 1321 1124
230 1667 1410
231 1767 450
232 1707 1933
233 402 1775
234 258 1263
235 1228 983
236 1138 180
237 1628 657
238 1265 531
239 1327 179
240 208 1850
241 1661 1880
242 577 369
243 1099 444
244 1654 1619
245 318 1661
246 479 105
247 512 1477
248 803 1474
249 471 435
250 78 690
251 151 1480
252 1440 1633
253 500 424
254 88 1855
255 1236 844
256 1503 1942
257 130 1680
258 198 977
259 1733 552
260 1135 738
261 1081 344
262 1050 946
263 574 1542
264 1565 926
265 1836 129
266 292 966
267 959 1549
268 1099 1782
269 1984 13
270 233 841
271 1744 1669
272 197 719
273 166 416
274 1351 1983
275 693 877
276 1638 1779
277 618 1571
278 126 127
279 557 524
280 1789 834
281 797 391
282 728 1031
283 1758 1054
284 214 262
285 1102 1788
286 1056 1873
287 153 434
288 1378 1096
289 459 1712
290 848 1889
291 411 57
292 429 1876
293 720 166
294 1413 1463
295 209 1610
296 1610 1987
297 1427 1186
298 1933 698
299 54 1663
300 1225 958
301 656 785
302 866 1196
303 414 980
304 1973 233
305 1219 370
306 711 1312
307 1968 290
308 365 153
309 1948 1137
310 82 1879
311 932 1290
312 1248 1662
313 825 1409
314 1405 390
315 757 1097
316 1899 1738
317 966 1979
318 192 420
319 376 944
320 242 1281
321 1678 1379
322 176 239
323 591 72
324 1634 1230
325 1131 417
326 1014 173
327 1273 1105
328 1004 1634
329 614 886
330 611 1408
331 1165 882
332 346 1967
333 1629 1768
334 1769 29
335 35 26
336 787 884
337 1597 1403
338 185 275
339 913 709
340 761 1215
341 381 1625
342 1050 1510
343 1178 156
344 273 166
345 1684 868
346 977 1158
347 1734 601
348 759 1751
349 1763 1482
350 1043 617
351 1287 475
352 290 426
353 752 532
354 1146 889
355 707 1309
356 358 211
357 577 1304
358 741 170
359 1992 1846
360 1780 1016
361 457 542
362 1640 1673
363 562 1638
364 1671 1938
365 263 884
366 420 152
367 174 600
368 271 1285
369 1704 542
370 1674 1919
371 649 1035
372 1375 563
373 1123 179
374 601 303
375 955 1884
376 589 679
377 1872 268
378 945 1346
379 651 184
380 191 868
381 790 1162
382 1772 214
383 1392 1007
384 1837 581
385 1778 886
386 1848 318
387 561 855
388 844 1359
389 447 655
390 1604 170
391 213 281
392 1850 1901
393 1644 1843
394 1700 442
395 144 1486
396 1278 1624
397 1790 434
398 676 751
399 278 614
400 176 1926
401 574 1949
402 704 160
403 414 1039
404 1884 923
405 500 65
406 685 1660
407 1055 356
408 1544 1411
409 1013 1486
410 1425 843
411 841 841
412 464 1533
413 1721 2
414 1173 330
415 1575 1392
416 820 423
417 971 290
418 746 633
419 1581 669
420 1951 1332
421 509 674
422 1740 515
423 166 232
424 493 1437
425 1489 852
426 598 295
427 934 856
428 376 409
429 819 1092
430 1264 1133
431 1917 1862
432 133 1422
433 613 154
434 1930 45
435 1327 1877
436 86 1144
437 1718 427
438 876 108
439 387 333
440 607 194
441 357 1524
442 1164 912
443 766 690
444 219 312
445 1097 864
446 163 1964
447 841 107
448 1812 258
449 1675 713
450 428 1068
451 320 1345
452 668 1919
453 1401 1944
454 1660 1921
455 1203 643
456 376 144
457 1176 9
458 1271 1429
459 78 57
460 1044 1546
461 837 404
462 1543 1237
463 1783 1758
464 1893 262
465 599 1318
466 124 243
467 626 567
468 1660 1201
469 1602 1779
470 370 1304
471 1245 949
472 1879 488
473 27 755
474 1783 691
475 1262 1976
476 1230 402
477 593 732
478 1537 488
479 824 4
480 1998 1759
481 1608 999
482 111 1728
483 1711 1591
484 1858 1281
485 889 1164
486 2000 727
487 45 1590
488 779 419
489 1268 130
490 23 420
491 1353 769
492 1243 415
493 199 1046
494 991 1121
495 1447 592
496 1084 1062
497 1191 470
498 1944 296
499 183 1513
500 401 1940
501 1353 513
502 244 1777
503 538 963
504 827 1375
505 1526 184
506 526 944
507 37 1315
508 1388 1617
509 256 1220
510 960 152
511 530 1817
512 1196 1980
513 113 620
514 383 1094
515 1556 1744
516 1760 1703
517 1611 1668
518 519 1653
519 800 18
520 862 782
521 452 1401
522 1790 1468
523 1904 547
524 1802 525
525 1142 1814
526 712 1221
527 355 531
528 962 310
529 416 1271
530 159 378
531 1237 1240
532 1989 585
533 551 150
534 447 927
535 1058 260
536 1554 313
537 224 438
538 517 59
539 1931 451
540 1711 401
541 255 1311
542 1725 826
543 1595 892
544 1347 98
545 911 1172
546 1709 24
547 785 1268
548 1983 98
549 85 909
550 108 1788
551 940 498
552 1411 1631
553 541 137
554 1628 1902
555 753 573
556 425 252
557 21 1380
558 938 1594
559 1326 1114
560 903 1375
561 183 0
562 1428 1279
563 905 1397
564 972 239
565 1150 828
566 1050 35
567 1217 848
568 1029 1137
569 876 1018
570 248 47
571 1400 756
572 844 824
573 1888 1868
574 250 259
575 1772 1212
576 267 1666
577 593 1871
578 177 1002
579 451 1250
580 769 753
581 951 1468
582 1775 347
583 315 1978
584 336 233
585 973 527
586 1721 670
587 1801 1653
588 698 1855
589 323 798
590 1523 1428
591 555 507
592 912 1241
593 22 320
594 1275 1171
595 428 509
596 276 1374
597 1224 66
598 1503 7
599 1053 1861
600 348 55
601 1601 1046
602 843 801
603 1781 470
604 1807 1827
605 1575 1875
606 1076 1573
607 1195 1627
608 1897 1860
609 878 1816
610 752 131
611 234 1154
612 1729 580
613 1222 797
614 408 424
615 1904 1778
616 920 1487
617 55 1385
618 1878 848
619 1318 1720
620 1075 1212
621 658 485
622 1946 1533
623 110 1752
624 1116 26
625 1089 1259
626 1601 1598
627 923 724
628 1700 340
629 727 1508
630 629 1371
631 981 809
632 1987 152
633 401 279
634 795 1581
635 285 1715
636 1994 726
637 1864 193
638 1372 514
639 371 1367
640 52 232
641 358 976
642 1524 646
643 1940 1314
644 350 615
645 1041 1478
646 267 1485
647 1556 845
648 1074 163
649 1980 399
650 1530 136
651 1955 827
652 388 1078
653 1007 1493
654 61 1592
655 941 1513
656 1521 718
657 163 976
658 685 1227
659 382 820
660 1672 1610
661 1239 416
662 1130 1527
663 1790 827
664 1790 132
665 902 1842
666 474 772
667 245 1981
668 1674 1217
669 1675 559
670 1181 957
671 1433 532
672 674 1462
673 1503 195
674 957 1404
675 1745 1195
676 997 1518
677 1422 963
678 238 1120
679 1497 502
680 832 1910
681 1806 385
682 1237 362
683 1230 156
684 1844 1334
685 478 1745
686 853 1168
687 1113 830
688 1503 1434
689 1151 4
690 1678 1106
691 1172 1697
692 740 781
693 1961 1937
694 1825 1756
695 1141 1425
696 1481 1335
697 1601 1985
698 1880 644
699 1627 1387
700 1489 615
701 1054 1084
702 668 1899
703 888 1856
704 829 1599
705 905 1697
706 390 1383
707 204 635
708 405 1828
709 1003 1835
710 1333 45
711 1080 1697
712 1353 493
713 972 1030
714 431 474
715 1298 1265
716 274 236
717 1309 787
718 673 1944
719 71 1120
720 315 1162
721 833 1751
722 104 1152
723 1284 1127
724 329 581
725 1719 1334
726 1416 1715
727 1073 233
728 904 1714
729 123 1337
730 628 80
731 1010 1681
732 460 1366
733 1676 1501
734 1379 1211
735 1620 685
736 1207 1322
737 1532 1573
738 1539 945
739 1499 843
740 1689 955
741 1551 1545
742 438 1354
743 1780 1750
744 1424 1815
745 538 400
746 169 1802
747 175 583
748 135 164
749 606 47
750 1752 729
751 1387 671
752 837 768
753 1868 748
754 620 411
755 1836 761
756 491 1858
757 1717 1754
758 724 1677
759 1503 1516
760 1035 1856
761 1718 646
762 717 596
763 1608 1977
764 1231 786
765 1332 674
766 1477 642
767 632 1752
768 874 183
769 229 1296
770 490 1820
771 1430 410
772 1585 687
773 456 1426
774 564 1010
775 1447 856
776 1451 1641
777 1944 181
778 139 1791
779 15 1668
780 259 125
781 1855 1568
782 1944 711
783 1755 1652
784 322 1740
785 1532 1156
786 750 1553
787 817 1875
788 1401 1835
789 282 1709
790 1202 49
791 214 1653
792 1219 466
793 10 540
794 1016 1829
795 1506 769
796 821 1819
797 1198 339
798 508 1314
799 809 407
800 522 608
801 463 1710
802 209 113
803 1680 1296
804 1207 435
805 733 180
806 1848 107
807 1058 1091
808 1723 369
809 248 439
810 1894 1020
811 1586 1700
812 1852 497
813 1411 1528
814 1481 1197
815 244 351
816 899 1695
817 482 1507
818 1645 870
819 1847 119
820 1109 862
821 1869 1095
822 920 1362
823 1876 157
824 430 1379
825 251 22
826 1023 1291
827 1163 1430
828 1874 530
829 1068 605
830 638 975
831 658 629
832 465 901
833 327 1534
834 288 1058
835 548 90
836 1294 1236
837 523 388
838 1299 610
839 1215 648
840 1146 520
841 890 364
842 1119 438
843 1040 1485
844 994 786
845 1512 722
846 217 125
847 50 185
848 1821 871
849 252 455
850 333 1033
851 415 1266
852 288 163
853 52 427
854 578 1016
855 1773 161
856 513 806
857 1312 218
858 856 1373
859 666 1448
860 1408 617
861 1364 1209
862 1411 1498
863 312 23
864 897 989
865 1541 1116
866 187 1513
867 470 754
868 206 1251
869 89 254
870 1806 1611
871 143 1602
872 1256 1241
873 1683 517
874 120 623
875 395 205
876 893 1623
877 1265 1075
878 881 1555
879 243 195
880 1214 1383
881 493 536
882 1967 335
883 1389 967
884 1743 1339
885 37 96
886 1750 291
887 320 425
888 1192 1828
889 1195 626
890 12 86
891 476 1696
892 67 1394
893 633 260
894 993 1879
895 1030 314
896 1381 424
897 695 1674
898 1498 1207
899 495 1624
900 683 1516
901 1574 1608
902 1129 1075
903 1695 1395
904 1966 1804
905 62 89
906 586 524
907 556 1915
908 381 1011
909 154 883
910 78 1920
911 15 1796
912 1085 972
913 992 658
914 71 1448
915 260 498
916 1647 1611
917 1401 121
918 1632 92
919 1555 81
920 311 1904
921 773 627
922 611 569
923 1428 1665
924 872 1803
925 1794 1495
926 176 742
927 1441 1858
928 607 1633
929 1510 1554
930 1936 998
931 805 1665
932 587 193
933 1240 654
934 654 93
935 92 853
936 554 351
937 339 394
938 68 1969
939 1539 1297
940 664 334
941 537 823
942 1289 1280
943 1190 525
944 1562 250
945 648 603
946 1301 1415
947 1397 757
948 1797 578
949 1345 1646
950 1302 196
951 1892 1891
952 1597 867
953 1296 1722
954 1399 835
955 480 1475
956 466 665
957 1646 526
958 630 334
959 802 378
960 395 917
961 577 1476
962 86 120
963 703 461
964 1155 320
965 1981 1221
966 143 633
967 1942 924
968 184 407
969 1951 1871
970 254 1153
971 745 1158
972 1824 1596
973 650 441
974 1120 1573
975 1712 1303
976 1146 462
977 495 1778
978 429 154
979 37 269
980 623 216
981 696 1184
982 707 1509
983 119 1739
984 1644 1425
985 1637 1784
986 748 22
987 1221 1368
988 1869 170
989 359 1588
990 1644 1279
991 1248 233
992 683 957
993 1119 1036
994 1169 1928
995 1618 228
996 1002 58
997 1308 266
998 1733 538
999 -1 -1
